最终ms， 4854.0
最终ms， 5128.0
最终ms， 4881.0
最终ms， 5252.0
最终ms， 5316.0
最终ms， 5064.0
最终ms， 4985.0
最终ms， 5019.0
最终ms， 5066.0
最终ms， 4834.0

D:\Anaconda3\envs\py310\python.exe D:\code\others\multi_jsp_abc\t.py
初始ms  5683.0
initialize  0.06799936294555664
4854.0
4854.0
4854.0
4854.0
一个解： 3.009002208709717
OPIDS
 [[115 179 164 133 150  54 200  41  27 234  92 109  14  78 223]
 [ 33 134 230 103 120 216  90 155  75 188 203 172  30  62  15]
 [177  50 148 196   6  71 135  89 121  42 107 237 222 175  31]
 [ 82  98   5 197 152 171 124  28 236 221 189  46 143  79  63]
 [ 17 161   3 211 229  69  86  56 105 138 123 202  45 158 191]
 [ 81 193  18  49 114 165 213  40 136 184  74 106  13 159 239]
 [  1 145  67  52 131 228  37 181 102 198 214 167  25  94 126]
 [162  65  19  99   4 116 183  88 154  57  43 218 235 140 206]
 [209  34  66 194 226 100 149  22 168 185   9 122 139  60  95]
 [ 35  51 147  70 199 215  24 186  11 141  93 125 111 238 174]
 [129 225 195  68  53 182   7 153 170  26  91  44 108 220 127]
 [113 130 146  85  38  23   8 104 233  59 219 204 173  77 190]
 [ 83  97   2  36 227 180 117 166  73 137 217 156  29  61 205]
 [163  84 212  21 118 151  39  55 231 201 187  76  12 110 142]
 [178 210  20 101 132 119  87  72 169  10 232  58 157  47 207]]
最终ms， 4854.0
初始ms  5639.0
initialize  0.06299972534179688
5128.0
5128.0
5128.0
5128.0
一个解： 3.5059993267059326
OPIDS
 [[ 34 114 100  52 196  85 229 151   9 170 139 188 221  77  31]
 [225  83  53  70 133 150 214 103 167 201 186  11  43  28 126]
 [145 209  82 228  39  73 121  26 171 187  12 108 140 204  63]
 [178 147  68 116 212  21   6 137  90  60  45 237 174 111 207]
 [ 66   3 211 227 181 165  86 199  25  41 154  58 110 127 143]
 [ 81  97 210 195  36 131 164  55 119  10 155 235  29 189  79]
 [ 35 149 118 231 168  89 138 218  75  27 203 109  14  61 190]
 [ 33 182 230   7 120  24 136 217 106  92  76 157 205  62 175]
 [193  18 180  69  54 102  87 135   8 124 172 156 222  47 239]
 [  1  49 115 101 213 166 198 134  23 232  91  44  78 191 159]
 [ 17  98 130 226 179  84 148   5  71  56 202 219 125 173  46]
 [ 65 129 161  50  19 197 215 104 184  40 153 233 123  93  15]
 [113 177  72 200  57 169  42 107 234  13  30  94 158 142 223]
 [194  67  99 163   4 132 117  22  38 183 152 216  59 238  95]
 [  2 146 162  51  20  37  88 105 185  74 122 220 236 141 206]]
最终ms， 5128.0
初始ms  5948.0
initialize  0.07900142669677734
4949.0
4881.0
4881.0
4881.0
一个解： 3.63799786567688
OPIDS
 [[177 146 131  99 227  36 212   8  57  91 203  30  78 174 127]
 [ 33  65  18 225 163 100 116   6  86 152 200 216 140 189  62]
 [ 34  98 162 210  83  52 229  23 119  72  13 157 142 206 191]
 [147   4  37  22 165 198  71 135 215 233 122 187  60  94 111]
 [113  67 231  55  24  40 167  88 201 218  12 188 109 143 159]
 [ 81  97  38  70 134 182 151  25 169 234  58 202 123 219  15]
 [ 51  21  69 183 199 168 153  89  10 139 220 107 124  46 236]
 [161   1 114  54 105 185 235  76  45 141 221  31 158  95 207]
 [193 178  66   3 101 118  39 232 137  26 155 171  61  93 223]
 [145  35  20 132 117 181  73 106  90 170  11  59 204 237 222]
 [ 50 115 195 148 230 133  85 214 104 184  42  74  29 173  14]
 [  2 130  19 196 228 211 103  87  56 121 186 156  77  47 175]
 [ 17 194  84 164 180 149   5 136  43 217 108  63  79 126 238]
 [ 49 209 226 150   7 138  27  75  44  92 172 125 205 110 190]
 [129  82 179  68 197  53 213 102 166 120   9  41 154  28 239]]
最终ms， 4881.0
初始ms  6313.0
initialize  0.08399748802185059
5252.0
5252.0
5252.0
5252.0
一个解： 3.003995418548584
OPIDS
 [[177 194  19 100 227  37  86 134 167  11 123 155 218  60  77]
 [ 17  65 179  84  55 137  41  10 122 170 203 108 236 221 159]
 [145  82 226 212 181 197  54 119 168  73  26 138 109  47  14]
 [  1  34 163 148  53 133  23  89 105  76 126 190 206 238 223]
 [114 178 130 195 228  38 166 214   8  56 154 107  29  93  78]
 [209  51  20  68 116 150 230   7 169  44  94 205 111 143 191]
 [ 49 193   3  67 149 165  87 216 121 233 186  43 139  28 110]
 [113  33 129  98   2 164 213  70 185  91 157 237  30  62 207]
 [ 35  21 102  69   6 215 136 187 235  59 172 204 158  95 127]
 [162 180   5 103 199  39 231  72  88 152  25  57 217 125 142]
 [210 147 132 196  24 104 184   9 232  42 171  92 124  63  79]
 [161  81  18  50 225  99  66  36 118 182 201 156 220 141  13]
 [146  83 101  71 120 202 234  27  58  12 219 140  46 188 174]
 [115 211  52  22 135 183  40 200 153  90 106  75 173  15 239]
 [ 97 131  85   4 117 229 198 151  74  45  61 189 222  31 175]]
最终ms， 5252.0
初始ms  5976.0
initialize  0.06600213050842285
5316.0
5316.0
5316.0
5316.0
一个解： 2.9759974479675293
OPIDS
 [[227  52  84   6 101 119 151 199  72 137 217 186  43  28 175]
 [  2  18 129 210  68 197 103  57 235  44 189 173  94 126 159]
 [130 165 181 229 102  55  73 121  26  42  90 204 220  14 158]
 [113  34 162 149 230 216   9  89  74 138  60 108 188  29 206]
 [ 81 161   3 211  38 118 150 182 203 236  77 141  30  63 111]
 [ 17 226  51 180 115  70  39 167 200  10 218  91 107 140 157]
 [ 33  65 177  83  99 131 147 116 213 198  23 168 232  11  62]
 [225  50  82 146 179  36 196 132  69 215 106 122  27 171  15]
 [163 195 212  85 117   8 104  56 136  25  41 185 154 234  75]
 [  4 100  53  22 231  40 201 123  92 156 221  78 142 174 190]
 [ 49  97 114  35  20 228 133 214 153 169 202 187  13  93  79]
 [ 98   7  71 184 233  59 155 124 172  45  31  95 143 207 223]
 [  1 145 193 209  66 178 134  87  24 105 170  61 125 238  47]
 [194   5  37  21  54  86 166 183 152 139 219  76 109 127 239]
 [ 67 164  19 148 135  88 120  58  12 205 237  46 110 222 191]]
最终ms， 5316.0
初始ms  5747.0
initialize  0.06399750709533691
5064.0
5064.0
5064.0
5064.0
一个解： 3.0241200923919678
OPIDS
 [[177  18  50 195 135 103 216   9  41 121  89 234  75 172 159]
 [161 130  98  36  22  54 231 201  10  90 123 219 189 158  79]
 [ 66 226  99 164 214 151  24  42  58  12  92 140 205 190 127]
 [145 116   5 229 182  72  25 202 138  59 220  45 173 110  94]
 [113  97 162 210 132 148 228  71  23 199  40  11 188  63  95]
 [ 19 131   3 149 213  38 232  74 122 185 170 204  93  61 109]
 [ 33 146 227  83 212  21 102 117  55 183 169 203  13  77 143]
 [  1 129 178  35 163  52 101  88 233  76 156 126 222  31 207]
 [ 17  65  34  82 211   4 196 181 134  56 104 152 235 125 174]
 [ 37  70  86 215   8 120 136 184 155 171  60  29 108 237 206]
 [114 194  69 150 166  27  91 107 139 236 187  15  62  47 223]
 [ 68  84 230 119 200  57  26 217 154  44  14 142 111 175 191]
 [ 49   2  67 197  39  87 167 105 153 137 218 124 186  28 238]
 [ 81 209 147  20 100 180  53 198 118   7 168  46 141  78 239]
 [193 225 115  51 179 133  85 165   6  73 106  43 157 221  30]]
最终ms， 5064.0
初始ms  5547.0
initialize  0.08300089836120605
4985.0
4985.0
4985.0
4985.0
一个解： 4.611004829406738
OPIDS
 [[ 33  51  98   4 164  22 197 136  89  74 155 190 127 223 239]
 [ 18 114 194  35 163 133 149 213  86  56 104   9 189 238  79]
 [ 17 162 181 119  72 232  10 154 202  42 219 109 141  62  95]
 [ 34 146 178 211  73 105  90  11 171 203 235  29  61 125 143]
 [161 132 100 148 196  37 184 216 121  59 236  13  93  30  78]
 [225 130  67  99 147   5  85 183  23  40  60 124 220 175 207]
 [129 228 117  55 103  87 215 168 200  41  75  14 157  31 191]
 [193   3  52  36 212 231 151  88 120 137  28 188  77 173 111]
 [ 65 145 177 209  19  38 198 106 138 234  91 172 126  15  63]
 [ 49  97 115  84  69 229   7 167 135  25 152 185 204  45 222]
 [195  68 166 118 150   8  58 217  27 187 139  92 237 110  46]
 [ 50 210   6 182 230  24 169 122 108  76 156 205  94 142  47]
 [ 81 113   2 131  53 101  71 214 199 233  26 186 170  44 158]
 [  1  82  66 226 179  21  57 153 201 218 107  43 123 140 174]
 [ 83 227  20 116 165 180  70  54 102 134  39  12 221 206 159]]
最终ms， 4985.0
初始ms  5842.0
initialize  0.06300044059753418
5019.0
5019.0
5019.0
5019.0
一个解： 6.281042814254761
OPIDS
 [[129 211  36 166 198 230  87 184  25 105  11 156 125  62  78]
 [ 19 196 148 132  69 213 167   6 121 233 188  93  61 109  46]
 [ 17 210 226  67  83 197  54 118 103 136  41  14 158 174 191]
 [177   1  35 116  21  72 216  58  92 205 141 238 159 111 175]
 [130 162 179 195  52  22   5 214  71  88 152  44 124 236 110]
 [ 49  99  66 163 131  84 229 181  38  13  28 157 221 126 207]
 [209   2 117 165 135 231 153  74  43  59 107 187 204  94  31]
 [114   3 147 101 134 199 232 168 185  90 218  27  75  60  45]
 [ 33  97 145 194  85  23  70 183  56   9 122 170 139 219 239]
 [113 227 182  39  55  89 169 154 203  12 108 140 220  29  77]
 [193 225 100  37  86 119   8  57 217  26 155 189 172 142  79]
 [ 82 146  51 133 102  73  42 235 171 190 206  15  30 223 127]
 [161  18  98 115 151 215   7 201 186  76 237  63  47  95 143]
 [ 65  50  20   4 180 228 164 150  40 120 104 138 202  91 222]
 [ 81  34 178  68 212  53 149  24 200 137 234  10 106 123 173]]
最终ms， 5019.0
初始ms  6071.0
initialize  0.06700015068054199
5066.0
5066.0
5066.0
5066.0
一个解： 3.5939881801605225
OPIDS
 [[ 20 131 116  39 168 232 153 185  74  90 202 107  15  63 223]
 [209  33  66 195 180 133 166 149 103  55  25 121  89  14 237]
 [226 130 163   5 119 199  72  88  42 186 218 156  61 110  31]
 [  1  97 129 179  52 214 230 151 120  75 173 205  95  30  47]
 [177 210  51   4 101 227  21 165  38  70 134 152  93 125 207]
 [ 50 115 211 164  22 150 135  71  41  11 189  92 109 206 238]
 [ 68 212  23   8 106  58 123 155 187  44 204 236  94 142 174]
 [ 98 229  54  86 184 201 137  26  10 171 219  76  46 126 159]
 [100 196  36 118 182  87 231 169 217  27  13 141 157  62  78]
 [ 81  18 146 194 117   6 102 183 215  73 139  59 235  45 175]
 [ 84  37  53   7 200 216 105 170 124 140 188  29 158 239  79]
 [193  82   3  99 147 132 181 213  24  56 233 122  43 172  77]
 [162 228 197  69  40 104   9 138 154  28  91  60 190 222 127]
 [ 17 114   2 225 178  35  67 148  85 167 136  57 203 220 111]
 [113 145 161  65  49  19  34  83 198 234  12 108 221 143 191]]
最终ms， 5066.0
初始ms  5891.0
initialize  0.06199526786804199
4834.0
4834.0
4834.0
4834.0
一个解： 4.245637893676758
OPIDS
 [[161 210   6 133  22 103  72  58  44 234 123 204 157  94 190]
 [209 178  99  38 151  88  57  27 203 140  14  78 126 174 238]
 [ 17 145  82  97   2 195 227 212 166  56 137 188  45  77 125]
 [225  67 102  87 215   8 152 121  26 138 171  46  61 191 207]
 [163 130  20  86   7  39  71 104 184 232 200 217 122 154  62]
 [ 33  84 180 228  54  70 120  25  10 106 141 156 173 205 223]
 [114 146  19 131  52 230  42 170 186 202  91  76  13 219 111]
 [ 81   3 132 118 197 181  24 231 218 172 109  47 158  79  63]
 [177   1  65 129  18  35 117  51 164 149 198 214  90 233 110]
 [162  49  83 148 196 229  23  40 183 105  11  75 220 143 127]
 [ 98  66  85 165 182  55  41 201 139  12 155  28 124 236 222]
 [ 34 115  21 134 150 167  89 185  74 107  60 221  15 206 239]
 [147 211 179 116 100   5  37  53 136 199 168  73 235  31  95]
 [113 193  50 226  68 213 135   9 153 187  43 108  93  29 175]
 [194   4  36  69 101 119 216 169  59  92 189 142  30 159 237]]
最终ms， 4834.0

Process finished with exit code 0
